imu:
  frequency: 400
  gyr_noise_density: 0.00052217305141068078
  gyr_random_walk: 0.000123988542616369636
  acc_noise_density: 0.0055999999595806003
  acc_random_walk: 0.001008999896235764
  time_offset: 0.0
  T_gnss_imu:
  - [0.999937,  -0.0076546,  0.00825262, -0.00105457]
  - [-0.00756065,   -0.999908,  -0.0112933,  0.00453295]
  - [0.0083383,   0.0112302,   -0.999903, -0.00271239]
  - [0,            0,            0,            1]
  #- [0.978126,  -0.0826113,   -0.190907, -0.00986928]
  #- [-0.026585,   -0.959878,    0.279156,  0.00703294]
  #- [-0.206309,   -0.267974,   -0.941078, 0.000157684]
  #- [        0,           0,           0,           1]
  #- [0.998056, -0.062011, 0.00624704, 0.0]
  #- [-0.0620244, -0.998073, 0.00197261, 0.0]
  #- [0.00611268, -0.00235625, -0.999979, 0.0]
  #- [0.0, 0.0, 0.0, 1.0]
rtk:   
  format: ecef
  T_wg_wr:
    - [1, 0, 0, 0]
    - [0, 1, 0, 0]
    - [0, 0, 1, 0]
    - [0, 0, 0, 1]
  #- [1, 8.19963e-05, -1.04504e-05, -0.457844]
  #- [-8.19959e-05, 1, 3.98676e-05, 0.210101]
  #- [1.04536e-05, -3.98668e-05, 1, -6.2759]
  #- [0, 0, 0, 1]
gnss:
  #P_rtk_gnss: [0,0,0]  
  P_rtk_gnss: [-0.169573, -0.149431, -0.181096]  
  raw: 1
o1d:
  T_o1d_gnss:
    #- [1, 0, 0, 0]
    #- [0, 1, 0, 0]
    #- [0, 0, 1, 0]
    #- [0, 0, 0, 1]
    - [1, -0.000625132, 0.000268293, 0.022471]
    - [0.000627364, 0.999965, -0.00840076, 0.339382]
    - [-0.000263031, 0.00840093, 0.999965, 0]
    - [0, 0, 0, 1]
  scale_v: 1.01398
  scale_w: 0.874718
  bias_v: 0.000547644
  bias_w: 0.00602419
  #scale_v:  1.0
  #bias_v: 0.0
  #scale_w: 1.0
  #bias_w: 0.0
